6156041867
6156041867
1739306752
1739310279
1739306753
1739306753
6156041867
6156041867
653 123 4567
6156041867
5216531320
653 534 1245
1737743473
1737043906
1736979313
1737069838
1736979313
(653) 534 3555
653 534 1245
653 536 7497
653 849 7372
653 272 3419
653 137 2764
653 534 9621
653 107 0834
653 598 1705
653 535 4100
653 108 0482
653 596 1503
653 175 0747
653 130 2353
653 130 5235
653 113 2953
653 534 5827
653 119 0482
653 534 0216
653 517 8834
653 115 4778
653 114 1097
653 534 1245
653 535 4100
653 849 5184
653 515 2913
653 534 0258
653 170 3124
653 534 5420
686 230 7487
653 515 8355
653 116 9256
653 534 1542
653 538 7058
653 534 3555
653 849 5533
653 198 2013
653 518 3698
653 534 3496
653 130 1087
653 119 2470
653 208 5938
653 534 2806
653 119 1021
653 155 2886
653 133 0419
5999999999
9999997779
5539507496
8691915273
6663818359
(653) 534 3555
(653) 534 1245
1999999999
9999995559
1079014993
7383830547
3327636718
653 123 0000
1739563892
1739563892
3481501730
1739563892
1739563893
5266420021
6643613905
5266420021
6861990425
5266420021
686 113 5999
5266420021
622 124 1616
5266420021
5268619904
5268611359
5262212416
6221241616
5272642609
0592540833
6643613905
5266420021
664 361 3905
5268619904
5268619904
686 199 0425
5268611359
5268611359
686 113 5999
5262212416
5262212416
622 124 1616
3502968554
1663203908
1707788419
5216863931
5216643860
5216469479
5268656737
5266490318
5264622223
8912380545
8912380545
